// EFFECT: Alternating opposite lights while spinning clockwise.
#define QCR_DELAY 100

  {
  {0, 0, 0, 0, 0, 0,
   0, 0, 0, 0, 0, 0,
   QCR_DELAY},
  {128, 0, 0, 0, 0, 0,
   0, 0, 0, 0, 0, 0,
   QCR_DELAY},
  {0, 0, 0, 128, 0, 0,
   0, 0, 0, 0, 0, 0,
   QCR_DELAY},
  {0, 0, 0, 0, 0, 0,
   128, 0, 0, 0, 0, 0,
   QCR_DELAY},
  {0, 0, 0, 0, 0, 0,
   0, 0, 0, 128, 0, 0,
   QCR_DELAY},
  {0, 128, 0, 0, 0, 0,
   0, 0, 0, 0, 0, 0,
   QCR_DELAY},
  {0, 0, 0, 0, 128, 0,
   0, 0, 0, 0, 0, 0,
   QCR_DELAY},
  {0, 0, 0, 0, 0, 0,
   0, 128, 0, 0, 0, 0,
   QCR_DELAY},
  {0, 0, 0, 0, 0, 0,
   0, 0, 0, 0, 128, 0,
   QCR_DELAY},
  {0, 0, 128, 0, 0, 0,
   0, 0, 0, 0, 0, 0,
   QCR_DELAY},
  {0, 0, 0, 0, 0, 128,
   0, 0, 0, 0, 0, 0,
   QCR_DELAY},
  {0, 0, 0, 0, 0, 0,
   0, 0, 128, 0, 0, 0,
   QCR_DELAY},
  {0, 0, 0, 0, 0, 0,
   0, 0, 0, 0, 0, 128,
   QCR_DELAY},
  {128, 0, 0, 0, 0, 0,
   0, 0, 0, 0, 0, 0,
   QCR_DELAY},
  {0, 0, 0, 0, 0, 0,
   0, 0, 0, 0, 0, 0,
   QCR_DELAY}},