## REPEAT INDEFINITELY
QCR_DELAY=100;

const QCRing circle[] = {
  {64, 32, 32, 64, 32, 32,
   32, 32, 32, 32, 32, 32,
   0, 0, 0, 0, QCR_STEP,
   QCR_DELAY},
  {32, 32, 32, 32, 32, 32,
   64, 32, 64, 64, 32, 64,
   0, 0, 0, 0, QCR_STEP,
   QCR_DELAY},
  {32, 64, 64, 32, 64, 64,
   32, 32, 32, 32, 32, 32,
   0, 0, 0, 0, QCR_STEP,
   QCR_DELAY},
  {32, 32, 32, 32, 32, 32,
   32, 64, 32, 32, 64, 32,
   0, 0, 0, 0, QCR_STEP,
   QCR_DELAY},
  {32, 64, 64, 32, 64, 64,
   32, 32, 32, 32, 32, 32,
   0, 0, 0, 0, QCR_STEP,
   QCR_DELAY},
  {32, 32, 32, 32, 32, 32,
   64, 32, 64, 64, 32, 64,
   0, 0, 0, 0, QCR_STEP,
   QCR_DELAY}
};