// EFFECT: Backwards rotation of color pairs, twice
#define QCR_DELAY 90

#define BLING2LEN 14
QCRing bling4[] = {
  {0, 0, 0, 0, 0, 0,
   0, 0, 0, 0, 0, 0,
   QCR_DELAY},
  {0, 0, 0, 0, 0, 128,
   0, 0, 0, 0, 0, 128,
   QCR_DELAY},
  {0, 0, 0, 0, 128, 0,
   0, 0, 0, 0, 128, 0,
   QCR_DELAY},
  {0, 0, 0, 128, 0, 0,
   0, 0, 0, 128, 0, 0,
   QCR_DELAY},
  {0, 0, 128, 0, 0, 0,
   0, 0, 128, 0, 0, 0,
   QCR_DELAY},
  {0, 128, 0, 0, 0, 0,
   0, 128, 0, 0, 0, 0,
   QCR_DELAY},
  {128, 0, 0, 0, 0, 0,
   128, 0, 0, 0, 0, 0,
   QCR_DELAY},
  {0, 0, 0, 0, 0, 128,
   0, 0, 0, 0, 0, 128,
   QCR_DELAY},
  {0, 0, 0, 0, 128, 0,
   0, 0, 0, 0, 128, 0,
   QCR_DELAY},
  {0, 0, 0, 128, 0, 0,
   0, 0, 0, 128, 0, 0,
   QCR_DELAY},
  {0, 0, 128, 0, 0, 0,
   0, 0, 128, 0, 0, 0,
   QCR_DELAY},
  {0, 128, 0, 0, 0, 0,
   0, 128, 0, 0, 0, 0,
   QCR_DELAY},
  {128, 0, 0, 0, 0, 0,
   128, 0, 0, 0, 0, 0,
   QCR_DELAY},
  {0, 0, 0, 0, 0, 0,
   0, 0, 0, 0, 0, 0,
   QCR_DELAY}
};