// EFFECT: Two-light backward spin.
#define QCR_DELAY 90

#define BLING8LEN 16
QCRing bling8[] = {
  {0, 0, 0, 0, 0, 0,
   0, 0, 0, 0, 0, 0,
   QCR_DELAY},
  {128, 0, 0, 0, 0, 0,
   0, 0, 0, 0, 0, 0,
   QCR_DELAY},
  {128, 0, 0, 0, 0, 0,
   0, 0, 0, 0, 0, 128,
   QCR_DELAY},
  {0, 0, 0, 0, 0, 128,
   0, 0, 0, 0, 0, 128,
   QCR_DELAY},
  {0, 0, 0, 0, 0, 128,
   0, 0, 0, 0, 128, 0,
   QCR_DELAY},
  {0, 0, 0, 0, 128, 0,
   0, 0, 0, 0, 128, 0,
   QCR_DELAY},
  {0, 0, 0, 0, 128, 0,
   0, 0, 0, 128, 0, 0,
   QCR_DELAY},
  {0, 0, 0, 128, 0, 0,
   0, 0, 0, 128, 0, 0,
   QCR_DELAY},
  {0, 0, 0, 128, 0, 0,
   0, 0, 128, 0, 0, 0,
   QCR_DELAY},
  {0, 0, 128, 0, 0, 0,
   0, 0, 128, 0, 0, 0,
   QCR_DELAY},
  {0, 0, 128, 0, 0, 0,
   0, 128, 0, 0, 0, 0,
   QCR_DELAY},
  {0, 128, 0, 0, 0, 0,
   0, 128, 0, 0, 0, 0,
   QCR_DELAY},
  {0, 128, 0, 0, 0, 0,
   128, 0, 0, 0, 0, 0,
   QCR_DELAY},
  {128, 0, 0, 0, 0, 0,
   128, 0, 0, 0, 0, 0,
   QCR_DELAY},
  {128, 0, 0, 0, 0, 0,
   0, 0, 0, 0, 0, 0,
   QCR_DELAY},
  {0, 0, 0, 0, 0, 0,
   0, 0, 0, 0, 0, 0,
   QCR_DELAY}
};