// EFFECT: Bouncing single LED
#define QCR_DELAY 90

#define BLING3LEN 14
QCRing bling3[] = {
  {0, 0, 0, 0, 0, 0,
   0, 0, 0, 0, 0, 0,
   QCR_DELAY},
  {0, 128, 0, 0, 0, 0,
   0, 0, 0, 0, 0, 0,
   QCR_DELAY},
  {0, 0, 0, 0, 0, 0,
   0, 0, 0, 128, 0, 0,
   QCR_DELAY},
  {0, 0, 0, 0, 0, 0,
   0, 0, 128, 0, 0, 0,
   QCR_DELAY},
  {0, 0, 0, 0, 0, 128,
   0, 0, 0, 0, 0, 0,
   QCR_DELAY},
  {0, 0, 0, 128, 0, 0,
   0, 0, 0, 0, 0, 0,
   QCR_DELAY},
  {0, 0, 0, 0, 0, 0,
   0, 0, 0, 0, 128, 0,
   QCR_DELAY},
  {0, 0, 0, 0, 0, 0,
   0, 128, 0, 0, 0, 0,
   QCR_DELAY},
  {128, 0, 0, 0, 0, 0,
   0, 0, 0, 0, 0, 0,
   QCR_DELAY},
  {0, 0, 0, 0, 128, 0,
   0, 0, 0, 0, 0, 0,
   QCR_DELAY},
  {0, 0, 0, 0, 0, 0,
   0, 0, 0, 0, 0, 128,
   QCR_DELAY},
  {0, 0, 128, 0, 0, 0,
   0, 0, 0, 0, 0, 0,
   QCR_DELAY},
  {0, 0, 0, 0, 0, 0,
   128, 0, 0, 0, 0, 0,
   QCR_DELAY},
  {0, 0, 0, 0, 0, 0,
   0, 0, 0, 0, 0, 0,
   QCR_DELAY}
};