// EFFECT: Alternating top/bottom fill, then side/side.
#define QCR_DELAY 90
#define BLING7LEN 14
QCRing bling7[] = {
  {0, 0, 0, 0, 0, 0,
   0, 0, 0, 0, 0, 0,
   QCR_DELAY},
  {128, 0, 0, 0, 0, 0,
   128, 0, 0, 0, 0, 128,
   QCR_DELAY},
  {0, 0, 0, 128, 0, 0,
   0, 0, 128, 128, 0, 0,
   QCR_DELAY},
  {128, 0, 0, 0, 0, 0,
   128, 0, 0, 0, 0, 128,
   QCR_DELAY},
  {0, 0, 0, 128, 0, 0,
   0, 0, 128, 128, 0, 0,
   QCR_DELAY},
  {128, 0, 0, 0, 0, 0,
   128, 0, 0, 0, 0, 128,
   QCR_DELAY},
  {0, 0, 0, 128, 0, 0,
   0, 0, 128, 128, 0, 0,
   QCR_DELAY},
  {0, 0, 0, 0, 128, 128,
   0, 0, 0, 0, 128, 0,
   QCR_DELAY},
  {0, 128, 128, 0, 0, 0,
   0, 128, 0, 0, 0, 0,
   QCR_DELAY},
  {0, 0, 0, 0, 128, 128,
   0, 0, 0, 0, 128, 0,
   QCR_DELAY},
  {0, 128, 128, 0, 0, 0,
   0, 128, 0, 0, 0, 0,
   QCR_DELAY},
  {0, 0, 0, 0, 128, 128,
   0, 0, 0, 0, 128, 0,
   QCR_DELAY},
  {0, 128, 128, 0, 0, 0,
   0, 128, 0, 0, 0, 0,
   QCR_DELAY},
  {0, 0, 0, 0, 0, 0,
   0, 0, 0, 0, 0, 0,
   QCR_DELAY}
};