// EFFECT: Two light pairs spinning many times.
// NOTENOTE: I call out a repeat 12 times; either programmatically, or copy/paste that section.
QCR_DELAY = 60;
QCR_STEP = 0;

var QCRing  = [
  [0, 0, 0, 0, 0, 0,
   0, 0, 0, 0, 0, 0,
   0, 0, 0, 0, QCR_STEP,
   QCR_DELAY],
  [255, 0, 0, 255, 0, 0,
   0, 0, 0, 0, 0, 0,
   0, 0, 0, 0, QCR_STEP,
   QCR_DELAY],
   
  [255, 0, 0, 255, 0, 0,
   255, 0, 0, 255, 0, 0,
   0, 0, 0, 0, QCR_STEP,
   QCR_DELAY],
  [0, 255, 0, 0, 255, 0,
   255, 0, 0, 255, 0, 0,
   0, 0, 0, 0, QCR_STEP,
   QCR_DELAY],
  [0, 255, 0, 0, 255, 0,
   0, 255, 0, 0, 255, 0,
   0, 0, 0, 0, QCR_STEP,
   QCR_DELAY],
  [0, 0, 255, 0, 0, 255,
   0, 255, 0, 0, 255, 0,
   0, 0, 0, 0, QCR_STEP,
   QCR_DELAY],
  [0, 0, 255, 0, 0, 255,
   0, 0, 255, 0, 0, 255,
   0, 0, 0, 0, QCR_STEP,
   QCR_DELAY],
  [255, 0, 0, 255, 0, 0,
   0, 0, 255, 0, 0, 255,
   0, 0, 0, 0, QCR_STEP,
   QCR_DELAY],

  [255, 0, 0, 255, 0, 0,
   255, 0, 0, 255, 0, 0,
   0, 0, 0, 0, QCR_STEP,
   QCR_DELAY],
  [0, 255, 0, 0, 255, 0,
   255, 0, 0, 255, 0, 0,
   0, 0, 0, 0, QCR_STEP,
   QCR_DELAY],
  [0, 255, 0, 0, 255, 0,
   0, 255, 0, 0, 255, 0,
   0, 0, 0, 0, QCR_STEP,
   QCR_DELAY],
  [0, 0, 255, 0, 0, 255,
   0, 255, 0, 0, 255, 0,
   0, 0, 0, 0, QCR_STEP,
   QCR_DELAY],
  [0, 0, 255, 0, 0, 255,
   0, 0, 255, 0, 0, 255,
   0, 0, 0, 0, QCR_STEP,
   QCR_DELAY],
  [255, 0, 0, 255, 0, 0,
   0, 0, 255, 0, 0, 255,
   0, 0, 0, 0, QCR_STEP,
   QCR_DELAY],

  [255, 0, 0, 255, 0, 0,
   255, 0, 0, 255, 0, 0,
   0, 0, 0, 0, QCR_STEP,
   QCR_DELAY],
  [0, 255, 0, 0, 255, 0,
   255, 0, 0, 255, 0, 0,
   0, 0, 0, 0, QCR_STEP,
   QCR_DELAY],
  [0, 255, 0, 0, 255, 0,
   0, 255, 0, 0, 255, 0,
   0, 0, 0, 0, QCR_STEP,
   QCR_DELAY],
  [0, 0, 255, 0, 0, 255,
   0, 255, 0, 0, 255, 0,
   0, 0, 0, 0, QCR_STEP,
   QCR_DELAY],
  [0, 0, 255, 0, 0, 255,
   0, 0, 255, 0, 0, 255,
   0, 0, 0, 0, QCR_STEP,
   QCR_DELAY],
  [255, 0, 0, 255, 0, 0,
   0, 0, 255, 0, 0, 255,
   0, 0, 0, 0, QCR_STEP,
   QCR_DELAY],

  [255, 0, 0, 255, 0, 0,
   255, 0, 0, 255, 0, 0,
   0, 0, 0, 0, QCR_STEP,
   QCR_DELAY],
  [0, 255, 0, 0, 255, 0,
   255, 0, 0, 255, 0, 0,
   0, 0, 0, 0, QCR_STEP,
   QCR_DELAY],
  [0, 255, 0, 0, 255, 0,
   0, 255, 0, 0, 255, 0,
   0, 0, 0, 0, QCR_STEP,
   QCR_DELAY],
  [0, 0, 255, 0, 0, 255,
   0, 255, 0, 0, 255, 0,
   0, 0, 0, 0, QCR_STEP,
   QCR_DELAY],
  [0, 0, 255, 0, 0, 255,
   0, 0, 255, 0, 0, 255,
   0, 0, 0, 0, QCR_STEP,
   QCR_DELAY],
  [255, 0, 0, 255, 0, 0,
   0, 0, 255, 0, 0, 255,
   0, 0, 0, 0, QCR_STEP,
   QCR_DELAY],

  [255, 0, 0, 255, 0, 0,
   255, 0, 0, 255, 0, 0,
   0, 0, 0, 0, QCR_STEP,
   QCR_DELAY],
  [0, 255, 0, 0, 255, 0,
   255, 0, 0, 255, 0, 0,
   0, 0, 0, 0, QCR_STEP,
   QCR_DELAY],
  [0, 255, 0, 0, 255, 0,
   0, 255, 0, 0, 255, 0,
   0, 0, 0, 0, QCR_STEP,
   QCR_DELAY],
  [0, 0, 255, 0, 0, 255,
   0, 255, 0, 0, 255, 0,
   0, 0, 0, 0, QCR_STEP,
   QCR_DELAY],
  [0, 0, 255, 0, 0, 255,
   0, 0, 255, 0, 0, 255,
   0, 0, 0, 0, QCR_STEP,
   QCR_DELAY],
  [255, 0, 0, 255, 0, 0,
   0, 0, 255, 0, 0, 255,
   0, 0, 0, 0, QCR_STEP,
   QCR_DELAY],

  [255, 0, 0, 255, 0, 0,
   255, 0, 0, 255, 0, 0,
   0, 0, 0, 0, QCR_STEP,
   QCR_DELAY],
  [0, 255, 0, 0, 255, 0,
   255, 0, 0, 255, 0, 0,
   0, 0, 0, 0, QCR_STEP,
   QCR_DELAY],
  [0, 255, 0, 0, 255, 0,
   0, 255, 0, 0, 255, 0,
   0, 0, 0, 0, QCR_STEP,
   QCR_DELAY],
  [0, 0, 255, 0, 0, 255,
   0, 255, 0, 0, 255, 0,
   0, 0, 0, 0, QCR_STEP,
   QCR_DELAY],
  [0, 0, 255, 0, 0, 255,
   0, 0, 255, 0, 0, 255,
   0, 0, 0, 0, QCR_STEP,
   QCR_DELAY],
  [255, 0, 0, 255, 0, 0,
   0, 0, 255, 0, 0, 255,
   0, 0, 0, 0, QCR_STEP,
   QCR_DELAY],

  [255, 0, 0, 255, 0, 0,
   255, 0, 0, 255, 0, 0,
   0, 0, 0, 0, QCR_STEP,
   QCR_DELAY],
  [0, 255, 0, 0, 255, 0,
   255, 0, 0, 255, 0, 0,
   0, 0, 0, 0, QCR_STEP,
   QCR_DELAY],
  [0, 255, 0, 0, 255, 0,
   0, 255, 0, 0, 255, 0,
   0, 0, 0, 0, QCR_STEP,
   QCR_DELAY],
  [0, 0, 255, 0, 0, 255,
   0, 255, 0, 0, 255, 0,
   0, 0, 0, 0, QCR_STEP,
   QCR_DELAY],
  [0, 0, 255, 0, 0, 255,
   0, 0, 255, 0, 0, 255,
   0, 0, 0, 0, QCR_STEP,
   QCR_DELAY],
  [255, 0, 0, 255, 0, 0,
   0, 0, 255, 0, 0, 255,
   0, 0, 0, 0, QCR_STEP,
   QCR_DELAY],

  [255, 0, 0, 255, 0, 0,
   255, 0, 0, 255, 0, 0,
   0, 0, 0, 0, QCR_STEP,
   QCR_DELAY],
  [0, 255, 0, 0, 255, 0,
   255, 0, 0, 255, 0, 0,
   0, 0, 0, 0, QCR_STEP,
   QCR_DELAY],
  [0, 255, 0, 0, 255, 0,
   0, 255, 0, 0, 255, 0,
   0, 0, 0, 0, QCR_STEP,
   QCR_DELAY],
  [0, 0, 255, 0, 0, 255,
   0, 255, 0, 0, 255, 0,
   0, 0, 0, 0, QCR_STEP,
   QCR_DELAY],
  [0, 0, 255, 0, 0, 255,
   0, 0, 255, 0, 0, 255,
   0, 0, 0, 0, QCR_STEP,
   QCR_DELAY],
  [255, 0, 0, 255, 0, 0,
   0, 0, 255, 0, 0, 255,
   0, 0, 0, 0, QCR_STEP,
   QCR_DELAY],

  [255, 0, 0, 255, 0, 0,
   255, 0, 0, 255, 0, 0,
   0, 0, 0, 0, QCR_STEP,
   QCR_DELAY],
  [0, 255, 0, 0, 255, 0,
   255, 0, 0, 255, 0, 0,
   0, 0, 0, 0, QCR_STEP,
   QCR_DELAY],
  [0, 255, 0, 0, 255, 0,
   0, 255, 0, 0, 255, 0,
   0, 0, 0, 0, QCR_STEP,
   QCR_DELAY],
  [0, 0, 255, 0, 0, 255,
   0, 255, 0, 0, 255, 0,
   0, 0, 0, 0, QCR_STEP,
   QCR_DELAY],
  [0, 0, 255, 0, 0, 255,
   0, 0, 255, 0, 0, 255,
   0, 0, 0, 0, QCR_STEP,
   QCR_DELAY],
  [255, 0, 0, 255, 0, 0,
   0, 0, 255, 0, 0, 255,
   0, 0, 0, 0, QCR_STEP,
   QCR_DELAY],

  [255, 0, 0, 255, 0, 0,
   255, 0, 0, 255, 0, 0,
   0, 0, 0, 0, QCR_STEP,
   QCR_DELAY],
  [0, 255, 0, 0, 255, 0,
   255, 0, 0, 255, 0, 0,
   0, 0, 0, 0, QCR_STEP,
   QCR_DELAY],
  [0, 255, 0, 0, 255, 0,
   0, 255, 0, 0, 255, 0,
   0, 0, 0, 0, QCR_STEP,
   QCR_DELAY],
  [0, 0, 255, 0, 0, 255,
   0, 255, 0, 0, 255, 0,
   0, 0, 0, 0, QCR_STEP,
   QCR_DELAY],
  [0, 0, 255, 0, 0, 255,
   0, 0, 255, 0, 0, 255,
   0, 0, 0, 0, QCR_STEP,
   QCR_DELAY],
  [255, 0, 0, 255, 0, 0,
   0, 0, 255, 0, 0, 255,
   0, 0, 0, 0, QCR_STEP,
   QCR_DELAY],

  [255, 0, 0, 255, 0, 0,
   255, 0, 0, 255, 0, 0,
   0, 0, 0, 0, QCR_STEP,
   QCR_DELAY],
  [0, 255, 0, 0, 255, 0,
   255, 0, 0, 255, 0, 0,
   0, 0, 0, 0, QCR_STEP,
   QCR_DELAY],
  [0, 255, 0, 0, 255, 0,
   0, 255, 0, 0, 255, 0,
   0, 0, 0, 0, QCR_STEP,
   QCR_DELAY],
  [0, 0, 255, 0, 0, 255,
   0, 255, 0, 0, 255, 0,
   0, 0, 0, 0, QCR_STEP,
   QCR_DELAY],
  [0, 0, 255, 0, 0, 255,
   0, 0, 255, 0, 0, 255,
   0, 0, 0, 0, QCR_STEP,
   QCR_DELAY],
  [255, 0, 0, 255, 0, 0,
   0, 0, 255, 0, 0, 255,
   0, 0, 0, 0, QCR_STEP,
   QCR_DELAY],

  [255, 0, 0, 255, 0, 0,
   255, 0, 0, 255, 0, 0,
   0, 0, 0, 0, QCR_STEP,
   QCR_DELAY],
  [0, 255, 0, 0, 255, 0,
   255, 0, 0, 255, 0, 0,
   0, 0, 0, 0, QCR_STEP,
   QCR_DELAY],
  [0, 255, 0, 0, 255, 0,
   0, 255, 0, 0, 255, 0,
   0, 0, 0, 0, QCR_STEP,
   QCR_DELAY],
  [0, 0, 255, 0, 0, 255,
   0, 255, 0, 0, 255, 0,
   0, 0, 0, 0, QCR_STEP,
   QCR_DELAY],
  [0, 0, 255, 0, 0, 255,
   0, 0, 255, 0, 0, 255,
   0, 0, 0, 0, QCR_STEP,
   QCR_DELAY],
  [255, 0, 0, 255, 0, 0,
   0, 0, 255, 0, 0, 255,
   0, 0, 0, 0, QCR_STEP,
   QCR_DELAY],

  [255, 0, 0, 255, 0, 0,
   255, 0, 0, 255, 0, 0,
   0, 0, 0, 0, QCR_STEP,
   QCR_DELAY],
  [0, 255, 0, 0, 255, 0,
   255, 0, 0, 255, 0, 0,
   0, 0, 0, 0, QCR_STEP,
   QCR_DELAY],
  [0, 255, 0, 0, 255, 0,
   0, 255, 0, 0, 255, 0,
   0, 0, 0, 0, QCR_STEP,
   QCR_DELAY],
  [0, 0, 255, 0, 0, 255,
   0, 255, 0, 0, 255, 0,
   0, 0, 0, 0, QCR_STEP,
   QCR_DELAY],
  [0, 0, 255, 0, 0, 255,
   0, 0, 255, 0, 0, 255,
   0, 0, 0, 0, QCR_STEP,
   QCR_DELAY],
  [255, 0, 0, 255, 0, 0,
   0, 0, 255, 0, 0, 255,
   0, 0, 0, 0, QCR_STEP,
   QCR_DELAY],

  [255, 0, 0, 255, 0, 0,
   255, 0, 0, 255, 0, 0,
   0, 0, 0, 0, QCR_STEP,
   QCR_DELAY],
  [0, 255, 0, 0, 255, 0,
   255, 0, 0, 255, 0, 0,
   0, 0, 0, 0, QCR_STEP,
   QCR_DELAY],
  [0, 255, 0, 0, 255, 0,
   0, 255, 0, 0, 255, 0,
   0, 0, 0, 0, QCR_STEP,
   QCR_DELAY],
  [0, 0, 255, 0, 0, 255,
   0, 255, 0, 0, 255, 0,
   0, 0, 0, 0, QCR_STEP,
   QCR_DELAY],
  [0, 0, 255, 0, 0, 255,
   0, 0, 255, 0, 0, 255,
   0, 0, 0, 0, QCR_STEP,
   QCR_DELAY],
  [255, 0, 0, 255, 0, 0,
   0, 0, 255, 0, 0, 255,
   0, 0, 0, 0, QCR_STEP,
   QCR_DELAY],

  [255, 0, 0, 255, 0, 0,
   0, 0, 0, 0, 0, 0,
   0, 0, 0, 0, QCR_STEP,
   QCR_DELAY],
  [0, 0, 0, 0, 0, 0,
   0, 0, 0, 0, 0, 0,
   0, 0, 0, 0, QCR_STEP,
   QCR_DELAY]
];