// EFFECT: Four-light pairs spinning many times.
// NOTENOTE: The center block is repeated 12 times.
QCR_DELAY = 60;
QCR_STEP = 0;

var QCRing = [
  [0, 0, 0, 0, 0, 0,
   0, 0, 0, 0, 0, 0,
   0, 0, 0, 0, QCR_STEP,
   QCR_DELAY],
  [255, 0, 0, 255, 0, 0,
   0, 0, 0, 0, 0, 0,
   0, 0, 0, 0, QCR_STEP,
   QCR_DELAY],
  [255, 0, 0, 255, 0, 0,
   255, 0, 0, 255, 0, 0,
   0, 0, 0, 0, QCR_STEP,
   QCR_DELAY],
  [255, 255, 0, 255, 255, 0,
   255, 0, 0, 255, 0, 0,
   0, 0, 0, 0, QCR_STEP,
   QCR_DELAY],

  [255, 255, 0, 255, 255, 0,
   255, 255, 0, 255, 255, 0,
   0, 0, 0, 0, QCR_STEP,
   QCR_DELAY],
  [0, 255, 255, 0, 255, 255,
   255, 255, 0, 255, 255, 0,
   0, 0, 0, 0, QCR_STEP,
   QCR_DELAY],
  [0, 255, 255, 0, 255, 255,
   0, 255, 255, 0, 255, 255,
   0, 0, 0, 0, QCR_STEP,
   QCR_DELAY],
  [255, 0, 255, 255, 0, 255,
   0, 255, 255, 0, 255, 255,
   0, 0, 0, 0, QCR_STEP,
   QCR_DELAY],
  [255, 0, 255, 255, 0, 255,
   255, 0, 255, 255, 0, 255,
   0, 0, 0, 0, QCR_STEP,
   QCR_DELAY],
  [255, 255, 0, 255, 255, 0,
   255, 0, 255, 255, 0, 255,
   0, 0, 0, 0, QCR_STEP,
   QCR_DELAY],

  [255, 255, 0, 255, 255, 0,
   255, 255, 0, 255, 255, 0,
   0, 0, 0, 0, QCR_STEP,
   QCR_DELAY],
  [0, 255, 255, 0, 255, 255,
   255, 255, 0, 255, 255, 0,
   0, 0, 0, 0, QCR_STEP,
   QCR_DELAY],
  [0, 255, 255, 0, 255, 255,
   0, 255, 255, 0, 255, 255,
   0, 0, 0, 0, QCR_STEP,
   QCR_DELAY],
  [255, 0, 255, 255, 0, 255,
   0, 255, 255, 0, 255, 255,
   0, 0, 0, 0, QCR_STEP,
   QCR_DELAY],
  [255, 0, 255, 255, 0, 255,
   255, 0, 255, 255, 0, 255,
   0, 0, 0, 0, QCR_STEP,
   QCR_DELAY],
  [255, 255, 0, 255, 255, 0,
   255, 0, 255, 255, 0, 255,
   0, 0, 0, 0, QCR_STEP,
   QCR_DELAY],

  [255, 255, 0, 255, 255, 0,
   255, 255, 0, 255, 255, 0,
   0, 0, 0, 0, QCR_STEP,
   QCR_DELAY],
  [0, 255, 255, 0, 255, 255,
   255, 255, 0, 255, 255, 0,
   0, 0, 0, 0, QCR_STEP,
   QCR_DELAY],
  [0, 255, 255, 0, 255, 255,
   0, 255, 255, 0, 255, 255,
   0, 0, 0, 0, QCR_STEP,
   QCR_DELAY],
  [255, 0, 255, 255, 0, 255,
   0, 255, 255, 0, 255, 255,
   0, 0, 0, 0, QCR_STEP,
   QCR_DELAY],
  [255, 0, 255, 255, 0, 255,
   255, 0, 255, 255, 0, 255,
   0, 0, 0, 0, QCR_STEP,
   QCR_DELAY],
  [255, 255, 0, 255, 255, 0,
   255, 0, 255, 255, 0, 255,
   0, 0, 0, 0, QCR_STEP,
   QCR_DELAY],

  [255, 255, 0, 255, 255, 0,
   255, 255, 0, 255, 255, 0,
   0, 0, 0, 0, QCR_STEP,
   QCR_DELAY],
  [0, 255, 255, 0, 255, 255,
   255, 255, 0, 255, 255, 0,
   0, 0, 0, 0, QCR_STEP,
   QCR_DELAY],
  [0, 255, 255, 0, 255, 255,
   0, 255, 255, 0, 255, 255,
   0, 0, 0, 0, QCR_STEP,
   QCR_DELAY],
  [255, 0, 255, 255, 0, 255,
   0, 255, 255, 0, 255, 255,
   0, 0, 0, 0, QCR_STEP,
   QCR_DELAY],
  [255, 0, 255, 255, 0, 255,
   255, 0, 255, 255, 0, 255,
   0, 0, 0, 0, QCR_STEP,
   QCR_DELAY],
  [255, 255, 0, 255, 255, 0,
   255, 0, 255, 255, 0, 255,
   0, 0, 0, 0, QCR_STEP,
   QCR_DELAY],

  [255, 255, 0, 255, 255, 0,
   255, 255, 0, 255, 255, 0,
   0, 0, 0, 0, QCR_STEP,
   QCR_DELAY],
  [0, 255, 255, 0, 255, 255,
   255, 255, 0, 255, 255, 0,
   0, 0, 0, 0, QCR_STEP,
   QCR_DELAY],
  [0, 255, 255, 0, 255, 255,
   0, 255, 255, 0, 255, 255,
   0, 0, 0, 0, QCR_STEP,
   QCR_DELAY],
  [255, 0, 255, 255, 0, 255,
   0, 255, 255, 0, 255, 255,
   0, 0, 0, 0, QCR_STEP,
   QCR_DELAY],
  [255, 0, 255, 255, 0, 255,
   255, 0, 255, 255, 0, 255,
   0, 0, 0, 0, QCR_STEP,
   QCR_DELAY],
  [255, 255, 0, 255, 255, 0,
   255, 0, 255, 255, 0, 255,
   0, 0, 0, 0, QCR_STEP,
   QCR_DELAY],

  [255, 255, 0, 255, 255, 0,
   255, 255, 0, 255, 255, 0,
   0, 0, 0, 0, QCR_STEP,
   QCR_DELAY],
  [0, 255, 255, 0, 255, 255,
   255, 255, 0, 255, 255, 0,
   0, 0, 0, 0, QCR_STEP,
   QCR_DELAY],
  [0, 255, 255, 0, 255, 255,
   0, 255, 255, 0, 255, 255,
   0, 0, 0, 0, QCR_STEP,
   QCR_DELAY],
  [255, 0, 255, 255, 0, 255,
   0, 255, 255, 0, 255, 255,
   0, 0, 0, 0, QCR_STEP,
   QCR_DELAY],
  [255, 0, 255, 255, 0, 255,
   255, 0, 255, 255, 0, 255,
   0, 0, 0, 0, QCR_STEP,
   QCR_DELAY],
  [255, 255, 0, 255, 255, 0,
   255, 0, 255, 255, 0, 255,
   0, 0, 0, 0, QCR_STEP,
   QCR_DELAY],

  [255, 255, 0, 255, 255, 0,
   255, 255, 0, 255, 255, 0,
   0, 0, 0, 0, QCR_STEP,
   QCR_DELAY],
  [0, 255, 255, 0, 255, 255,
   255, 255, 0, 255, 255, 0,
   0, 0, 0, 0, QCR_STEP,
   QCR_DELAY],
  [0, 255, 255, 0, 255, 255,
   0, 255, 255, 0, 255, 255,
   0, 0, 0, 0, QCR_STEP,
   QCR_DELAY],
  [255, 0, 255, 255, 0, 255,
   0, 255, 255, 0, 255, 255,
   0, 0, 0, 0, QCR_STEP,
   QCR_DELAY],
  [255, 0, 255, 255, 0, 255,
   255, 0, 255, 255, 0, 255,
   0, 0, 0, 0, QCR_STEP,
   QCR_DELAY],
  [255, 255, 0, 255, 255, 0,
   255, 0, 255, 255, 0, 255,
   0, 0, 0, 0, QCR_STEP,
   QCR_DELAY],

  [255, 255, 0, 255, 255, 0,
   255, 255, 0, 255, 255, 0,
   0, 0, 0, 0, QCR_STEP,
   QCR_DELAY],
  [0, 255, 255, 0, 255, 255,
   255, 255, 0, 255, 255, 0,
   0, 0, 0, 0, QCR_STEP,
   QCR_DELAY],
  [0, 255, 255, 0, 255, 255,
   0, 255, 255, 0, 255, 255,
   0, 0, 0, 0, QCR_STEP,
   QCR_DELAY],
  [255, 0, 255, 255, 0, 255,
   0, 255, 255, 0, 255, 255,
   0, 0, 0, 0, QCR_STEP,
   QCR_DELAY],
  [255, 0, 255, 255, 0, 255,
   255, 0, 255, 255, 0, 255,
   0, 0, 0, 0, QCR_STEP,
   QCR_DELAY],
  [255, 255, 0, 255, 255, 0,
   255, 0, 255, 255, 0, 255,
   0, 0, 0, 0, QCR_STEP,
   QCR_DELAY],

  [255, 255, 0, 255, 255, 0,
   255, 255, 0, 255, 255, 0,
   0, 0, 0, 0, QCR_STEP,
   QCR_DELAY],
  [0, 255, 255, 0, 255, 255,
   255, 255, 0, 255, 255, 0,
   0, 0, 0, 0, QCR_STEP,
   QCR_DELAY],
  [0, 255, 255, 0, 255, 255,
   0, 255, 255, 0, 255, 255,
   0, 0, 0, 0, QCR_STEP,
   QCR_DELAY],
  [255, 0, 255, 255, 0, 255,
   0, 255, 255, 0, 255, 255,
   0, 0, 0, 0, QCR_STEP,
   QCR_DELAY],
  [255, 0, 255, 255, 0, 255,
   255, 0, 255, 255, 0, 255,
   0, 0, 0, 0, QCR_STEP,
   QCR_DELAY],
  [255, 255, 0, 255, 255, 0,
   255, 0, 255, 255, 0, 255,
   0, 0, 0, 0, QCR_STEP,
   QCR_DELAY],

  [255, 255, 0, 255, 255, 0,
   255, 255, 0, 255, 255, 0,
   0, 0, 0, 0, QCR_STEP,
   QCR_DELAY],
  [0, 255, 255, 0, 255, 255,
   255, 255, 0, 255, 255, 0,
   0, 0, 0, 0, QCR_STEP,
   QCR_DELAY],
  [0, 255, 255, 0, 255, 255,
   0, 255, 255, 0, 255, 255,
   0, 0, 0, 0, QCR_STEP,
   QCR_DELAY],
  [255, 0, 255, 255, 0, 255,
   0, 255, 255, 0, 255, 255,
   0, 0, 0, 0, QCR_STEP,
   QCR_DELAY],
  [255, 0, 255, 255, 0, 255,
   255, 0, 255, 255, 0, 255,
   0, 0, 0, 0, QCR_STEP,
   QCR_DELAY],
  [255, 255, 0, 255, 255, 0,
   255, 0, 255, 255, 0, 255,
   0, 0, 0, 0, QCR_STEP,
   QCR_DELAY],

  [255, 255, 0, 255, 255, 0,
   255, 255, 0, 255, 255, 0,
   0, 0, 0, 0, QCR_STEP,
   QCR_DELAY],
  [0, 255, 255, 0, 255, 255,
   255, 255, 0, 255, 255, 0,
   0, 0, 0, 0, QCR_STEP,
   QCR_DELAY],
  [0, 255, 255, 0, 255, 255,
   0, 255, 255, 0, 255, 255,
   0, 0, 0, 0, QCR_STEP,
   QCR_DELAY],
  [255, 0, 255, 255, 0, 255,
   0, 255, 255, 0, 255, 255,
   0, 0, 0, 0, QCR_STEP,
   QCR_DELAY],
  [255, 0, 255, 255, 0, 255,
   255, 0, 255, 255, 0, 255,
   0, 0, 0, 0, QCR_STEP,
   QCR_DELAY],
  [255, 255, 0, 255, 255, 0,
   255, 0, 255, 255, 0, 255,
   0, 0, 0, 0, QCR_STEP,
   QCR_DELAY],

  [255, 255, 0, 255, 255, 0,
   255, 255, 0, 255, 255, 0,
   0, 0, 0, 0, QCR_STEP,
   QCR_DELAY],
  [0, 255, 255, 0, 255, 255,
   255, 255, 0, 255, 255, 0,
   0, 0, 0, 0, QCR_STEP,
   QCR_DELAY],
  [0, 255, 255, 0, 255, 255,
   0, 255, 255, 0, 255, 255,
   0, 0, 0, 0, QCR_STEP,
   QCR_DELAY],
  [255, 0, 255, 255, 0, 255,
   0, 255, 255, 0, 255, 255,
   0, 0, 0, 0, QCR_STEP,
   QCR_DELAY],
  [255, 0, 255, 255, 0, 255,
   255, 0, 255, 255, 0, 255,
   0, 0, 0, 0, QCR_STEP,
   QCR_DELAY],
  [255, 255, 0, 255, 255, 0,
   255, 0, 255, 255, 0, 255,
   0, 0, 0, 0, QCR_STEP,
   QCR_DELAY],

  [255, 255, 0, 255, 255, 0,
   255, 255, 0, 255, 255, 0,
   0, 0, 0, 0, QCR_STEP,
   QCR_DELAY],
  [0, 255, 255, 0, 255, 255,
   255, 255, 0, 255, 255, 0,
   0, 0, 0, 0, QCR_STEP,
   QCR_DELAY],
  [0, 255, 255, 0, 255, 255,
   0, 255, 255, 0, 255, 255,
   0, 0, 0, 0, QCR_STEP,
   QCR_DELAY],
  [255, 0, 255, 255, 0, 255,
   0, 255, 255, 0, 255, 255,
   0, 0, 0, 0, QCR_STEP,
   QCR_DELAY],
  [255, 0, 255, 255, 0, 255,
   255, 0, 255, 255, 0, 255,
   0, 0, 0, 0, QCR_STEP,
   QCR_DELAY],
  [255, 255, 0, 255, 255, 0,
   255, 0, 255, 255, 0, 255,
   0, 0, 0, 0, QCR_STEP,
   QCR_DELAY],

  [255, 255, 0, 255, 255, 0,
   255, 255, 0, 255, 255, 0,
   0, 0, 0, 0, QCR_STEP,
   QCR_DELAY],
  [0, 255, 255, 0, 255, 255,
   255, 255, 0, 255, 255, 0,
   0, 0, 0, 0, QCR_STEP,
   QCR_DELAY],
  [0, 255, 255, 0, 255, 255,
   0, 255, 255, 0, 255, 255,
   0, 0, 0, 0, QCR_STEP,
   QCR_DELAY],
  [255, 0, 255, 255, 0, 255,
   0, 255, 255, 0, 255, 255,
   0, 0, 0, 0, QCR_STEP,
   QCR_DELAY],
  [255, 0, 255, 255, 0, 255,
   255, 0, 255, 255, 0, 255,
   0, 0, 0, 0, QCR_STEP,
   QCR_DELAY],
  [255, 255, 0, 255, 255, 0,
   255, 0, 255, 255, 0, 255,
   0, 0, 0, 0, QCR_STEP,
   QCR_DELAY],

  [255, 255, 0, 255, 255, 0,
   255, 255, 0, 255, 255, 0,
   0, 0, 0, 0, QCR_STEP,
   QCR_DELAY],
  [0, 255, 255, 0, 255, 255,
   255, 255, 0, 255, 255, 0,
   0, 0, 0, 0, QCR_STEP,
   QCR_DELAY],
  [0, 255, 255, 0, 255, 255,
   0, 255, 255, 0, 255, 255,
   0, 0, 0, 0, QCR_STEP,
   QCR_DELAY],
  [255, 0, 255, 255, 0, 255,
   0, 255, 255, 0, 255, 255,
   0, 0, 0, 0, QCR_STEP,
   QCR_DELAY],
  [255, 0, 255, 255, 0, 255,
   0, 0, 255, 0, 0, 255,
   0, 0, 0, 0, QCR_STEP,
   QCR_DELAY],
  [255, 0, 0, 255, 0, 0,
   0, 0, 255, 0, 0, 255,
   0, 0, 0, 0, QCR_STEP,
   QCR_DELAY],
  [255, 0, 0, 255, 0, 0,
   0, 0, 0, 0, 0, 0,
   0, 0, 0, 0, QCR_STEP,
   QCR_DELAY],
  [0, 0, 0, 0, 0, 0,
   0, 0, 0, 0, 0, 0,
   0, 0, 0, 0, QCR_STEP,
   QCR_DELAY]
];
