// REPEAT INDEFINITELY
// EFFECT: Inner circle bounce
QCR_DELAY=90
#define UBER10LEN 12
QCRing uber10[] = {
  {32, 32, 32, 32, 32, 32,
   200, 32, 32, 200, 32, 32,
   QCR_DELAY},
  {32, 32, 32, 32, 32, 32,
   32, 32, 32, 32, 32, 32,
   QCR_DELAY},
  {32, 32, 32, 32, 32, 32,
   200, 32, 32, 200, 32, 32,
   QCR_DELAY},
  {32, 32, 32, 32, 32, 32,
   32, 32, 32, 32, 32, 32,
   QCR_DELAY},
  {32, 32, 32, 32, 32, 32,
   32, 200, 32, 32, 200, 32,
   QCR_DELAY},
  {32, 32, 32, 32, 32, 32,
   32, 32, 32, 32, 32, 32,
   QCR_DELAY},
  {32, 32, 32, 32, 32, 32,
   32, 200, 32, 32, 200, 32,
   QCR_DELAY},
  {32, 32, 32, 32, 32, 32,
   32, 32, 32, 32, 32, 32,
   QCR_DELAY},
  {32, 32, 32, 32, 32, 32,
   32, 32, 200, 32, 32, 200,
   QCR_DELAY},
  {32, 32, 32, 32, 32, 32,
   32, 32, 32, 32, 32, 32,
   QCR_DELAY},
  {32, 32, 32, 32, 32, 32,
   32, 32, 200, 32, 32, 200,
   QCR_DELAY},
  {32, 32, 32, 32, 32, 32,
   32, 32, 32, 32, 32, 32,
   QCR_DELAY}
};