// REPEAT INDEFINITELY
// EFFECT: Quadrant bounce
QCR_DELAY=90
#define UBER8LEN 8
QCRing uber8[] = {
  {200, 32, 32, 32, 32, 32,
   200, 32, 32, 32, 32, 200,
   QCR_DELAY},
  {32, 32, 32, 200, 32, 32,
   32, 32, 200, 200, 32, 32,
   QCR_DELAY},
  {200, 32, 32, 32, 32, 32,
   200, 32, 32, 32, 32, 200,
   QCR_DELAY},
  {32, 32, 32, 200, 32, 32,
   32, 32, 200, 200, 32, 32,
   QCR_DELAY},
  {32, 200, 200, 32, 32, 32,
   32, 200, 32, 32, 32, 32,
   QCR_DELAY},
  {32, 32, 32, 32, 200, 200,
   32, 32, 32, 32, 200, 32,
   QCR_DELAY},
  {32, 200, 200, 32, 32, 32,
   32, 200, 32, 32, 32, 32,
   QCR_DELAY},
  {32, 32, 32, 32, 200, 200,
   32, 32, 32, 32, 200, 32,
   QCR_DELAY}
};