// REPEAT INDEFINITELY
// EFFECT: Figure 8
QCR_DELAY=90
#define UBER9LEN 14
QCRing uber9[] = {
  {200, 32, 32, 32, 32, 32,
   32, 32, 32, 32, 32, 32,
   QCR_DELAY},
  {32, 32, 32, 32, 32, 32,
   200, 32, 32, 32, 32, 32,
   QCR_DELAY},
  {32, 200, 32, 32, 32, 32,
   32, 32, 32, 32, 32, 32,
   QCR_DELAY},
  {32, 32, 32, 32, 32, 32,
   32, 200, 32, 32, 32, 32,
   QCR_DELAY},
  {32, 32, 200, 32, 32, 32,
   32, 32, 32, 32, 32, 32,
   QCR_DELAY},
  {32, 32, 32, 32, 32, 32,
   32, 32, 200, 32, 32, 32,
   QCR_DELAY},
  {32, 32, 32, 200, 32, 32,
   32, 32, 32, 32, 32, 32,
   QCR_DELAY},
  {200, 32, 32, 32, 32, 32,
   32, 32, 32, 32, 32, 32,
   QCR_DELAY},
  {32, 32, 32, 32, 32, 32,
   32, 32, 32, 32, 32, 200,
   QCR_DELAY},
  {32, 32, 32, 32, 32, 200,
   32, 32, 32, 32, 32, 32,
   QCR_DELAY},
  {32, 32, 32, 32, 32, 32,
   32, 32, 32, 32, 200, 32,
   QCR_DELAY},
  {32, 32, 32, 32, 200, 32,
   32, 32, 32, 32, 32, 32,
   QCR_DELAY},
  {32, 32, 32, 32, 32, 32,
   32, 32, 32, 200, 32, 32,
   QCR_DELAY},
  {32, 32, 32, 200, 32, 32,
   32, 32, 32, 32, 32, 32,
   QCR_DELAY}
};