// EFFECT: Bouncing color pairs rotate counter-clockwise
// REPEAT INDEFINITELY
QCR_DELAY=90
#define UBER3LEN 12
QCRing uber3[] = {
  {200, 32, 32, 32, 32, 32,
   200, 32, 32, 32, 32, 32,
   QCR_DELAY},
  {32, 32, 32, 200, 32, 32,
   32, 32, 32, 200, 32, 32,
   QCR_DELAY},
  {32, 200, 32, 32, 32, 32,
   32, 200, 32, 32, 32, 32,
   QCR_DELAY},
  {32, 32, 32, 32, 200, 32,
   32, 32, 32, 32, 200, 32,
   QCR_DELAY},
  {32, 32, 200, 32, 32, 32,
   32, 32, 200, 32, 32, 32,
   QCR_DELAY},
  {32, 32, 32, 32, 32, 200,
   32, 32, 32, 32, 32, 200,
   QCR_DELAY},
  {32, 32, 32, 200, 32, 32,
   32, 32, 32, 200, 32, 32,
   QCR_DELAY},
  {200, 32, 32, 32, 32, 32,
   200, 32, 32, 32, 32, 32,
   QCR_DELAY},
  {32, 32, 32, 32, 200, 32,
   32, 32, 32, 32, 200, 32,
   QCR_DELAY},
  {32, 200, 32, 32, 32, 32,
   32, 200, 32, 32, 32, 32,
   QCR_DELAY},
  {32, 32, 32, 32, 32, 200,
   32, 32, 32, 32, 32, 200,
   QCR_DELAY},
  {32, 32, 200, 32, 32, 32,
   32, 32, 200, 32, 32, 32,
   QCR_DELAY}
};