// EFFECT: Outer spin then inner spin.
#define QCR_DELAY 90
#define UBER5LEN 13
QCRing uber5[] = {
  {128, 32, 32, 32, 32, 32,
   32, 32, 32, 32, 32, 32,
   QCR_DELAY},
  {32, 32, 32, 32, 32, 128,
   32, 32, 32, 32, 32, 32,
   QCR_DELAY},
  {32, 32, 32, 32, 128, 32,
   32, 32, 32, 32, 32, 32,
   QCR_DELAY},
  {32, 32, 32, 128, 32, 32,
   32, 32, 32, 32, 32, 32,
   QCR_DELAY},
  {32, 32, 128, 32, 32, 32,
   32, 32, 32, 32, 32, 32,
   QCR_DELAY},
  {32, 128, 32, 32, 32, 32,
   32, 32, 32, 32, 32, 32,
   QCR_DELAY},
  {128, 32, 32, 32, 32, 32,
   32, 32, 32, 32, 32, 32,
   QCR_DELAY},
  {32, 32, 32, 32, 32, 32,
   32, 32, 32, 32, 32, 128,
   QCR_DELAY},
  {32, 32, 32, 32, 32, 32,
   32, 32, 32, 32, 128, 32,
   QCR_DELAY},
  {32, 32, 32, 32, 32, 32,
   32, 32, 32, 128, 32, 32,
   QCR_DELAY},
  {32, 32, 32, 32, 32, 32,
   32, 32, 128, 32, 32, 32,
   QCR_DELAY},
  {32, 32, 32, 32, 32, 32,
   32, 128, 32, 32, 32, 32,
   QCR_DELAY},
  {32, 32, 32, 32, 32, 32,
   128, 32, 32, 32, 32, 32,
   QCR_DELAY}
};