// REPEAT INDEFINITELY
// EFFECT: Up/down swipe
QCR_DELAY=90
#define UBER6LEN 12
QCRing uber6[] = {
  {200, 32, 32, 32, 32, 32,
   32, 32, 32, 32, 32, 32,
   QCR_DELAY},
  {32, 32, 32, 32, 32, 32,
   200, 32, 32, 32, 32, 200,
   QCR_DELAY},
  {32, 200, 32, 32, 32, 200,
   32, 32, 32, 32, 32, 32,
   QCR_DELAY},
  {32, 32, 32, 32, 32, 32,
   32, 200, 32, 32, 200, 32,
   QCR_DELAY},
  {32, 32, 200, 32, 200, 32,
   32, 32, 32, 32, 32, 32,
   QCR_DELAY},
  {32, 32, 32, 32, 32, 32,
   32, 32, 200, 200, 32, 32,
   QCR_DELAY},
  {32, 32, 32, 200, 32, 32,
   32, 32, 32, 32, 32, 32,
   QCR_DELAY},
  {32, 32, 32, 32, 32, 32,
   32, 32, 200, 200, 32, 32,
   QCR_DELAY},
  {32, 32, 200, 32, 200, 32,
   32, 32, 32, 32, 32, 32,
   QCR_DELAY},
  {32, 32, 32, 32, 32, 32,
   32, 200, 32, 32, 200, 32,
   QCR_DELAY},
  {32, 200, 32, 32, 32, 200,
   32, 32, 32, 32, 32, 32,
   QCR_DELAY},
  {32, 32, 32, 32, 32, 32,
   200, 32, 32, 32, 32, 200,
   QCR_DELAY},
};