// EFFECT: Trio showers down
#define QCR_DELAY 90
#define UBLING8LEN 21
QCRing ubling8[] = {
  {0, 0, 0, 0, 0, 0,
   0, 0, 0, 0, 0, 0,
   QCR_DELAY},
  {128, 0, 0, 0, 0, 0,
   0, 0, 0, 0, 0, 0,
   QCR_DELAY},
  {128, 0, 0, 0, 0, 0,
   128, 0, 0, 0, 0, 128,
   QCR_DELAY},
  {128, 128, 0, 0, 0, 128,
   128, 0, 0, 0, 0, 128,
   QCR_DELAY},
  {0, 128, 0, 0, 0, 128,
   128, 128, 0, 0, 128, 128,
   QCR_DELAY},
  {0, 128, 128, 0, 128, 128,
   0, 128, 0, 0, 128, 0,
   QCR_DELAY},
  {128, 0, 128, 0, 128, 0,
   0, 128, 128, 128, 128, 0,
   QCR_DELAY},
  {128, 0, 128, 128, 128, 0,
   128, 0, 128, 128, 0, 128,
   QCR_DELAY},
  {128, 128, 0, 128, 0, 128,
   128, 0, 128, 128, 0, 128,
   QCR_DELAY},
  {0, 128, 0, 128, 0, 128,
   128, 128, 0, 0, 128, 128,
   QCR_DELAY},
  {0, 128, 128, 0, 128, 128,
   0, 128, 0, 0, 128, 0,
   QCR_DELAY},
  {128, 0, 128, 0, 128, 0,
   0, 128, 128, 128, 128, 0,
   QCR_DELAY},
  {128, 0, 128, 128, 128, 0,
   128, 0, 128, 128, 0, 128,
   QCR_DELAY},
  {128, 128, 0, 128, 0, 128,
   128, 0, 128, 128, 0, 128,
   QCR_DELAY},
  {0, 128, 0, 128, 0, 128,
   128, 128, 0, 0, 128, 128,
   QCR_DELAY},
  {0, 128, 128, 0, 128, 128,
   0, 128, 0, 0, 128, 0,
   QCR_DELAY},
  {0, 0, 128, 0, 128, 0,
   0, 128, 128, 128, 128, 0,
   QCR_DELAY},
  {0, 0, 128, 128, 128, 0,
   0, 0, 128, 128, 0, 0,
   QCR_DELAY},
  {0, 0, 0, 128, 0, 0,
   0, 0, 128, 128, 0, 0,
   QCR_DELAY},
  {0, 0, 0, 128, 0, 0,
   0, 0, 0, 0, 0, 0,
   QCR_DELAY},
  {0, 0, 0, 0, 0, 0,
   0, 0, 0, 0, 0, 0,
   QCR_DELAY}
};

