// EFFECT: All on, delay, then twinkle out.
QCR_DELAY=90
#define UBLING10LEN 18
QCRing ubling10[] = {
  {0, 0, 0, 0, 0, 0,
   0, 0, 0, 0, 0, 0,
   QCR_DELAY},
  {128, 128, 128, 128, 128, 128,
   128, 128, 128, 128, 128, 128,
   QCR_DELAY},
  {128, 128, 128, 128, 128, 128,
   128, 128, 128, 128, 128, 128,
   QCR_DELAY},
  {128, 128, 128, 128, 128, 128,
   128, 128, 128, 128, 128, 128,
   QCR_DELAY},
  {128, 128, 128, 128, 128, 128,
   128, 128, 128, 128, 128, 128,
   QCR_DELAY},
  {128, 128, 128, 128, 128, 128,
   128, 128, 128, 128, 128, 128,
   QCR_DELAY},
  {128, 0, 128, 128, 128, 128,
   128, 128, 128, 128, 128, 128,
   QCR_DELAY},
  {128, 0, 128, 128, 128, 128,
   128, 128, 128, 0, 128, 128,
   QCR_DELAY},
  {0, 0, 128, 128, 128, 128,
   128, 128, 128, 0, 128, 128,
   QCR_DELAY},
  {0, 0, 0, 128, 128, 128,
   128, 128, 128, 0, 128, 128,
   QCR_DELAY},
  {0, 0, 0, 128, 128, 128,
   128, 128, 128, 0, 128, 0,
   QCR_DELAY},
  {0, 0, 0, 128, 0, 128,
   128, 128, 128, 0, 128, 0,
   QCR_DELAY},
  {0, 0, 0, 128, 0, 128,
   128, 128, 0, 0, 128, 0,
   QCR_DELAY},
  {0, 0, 0, 128, 0, 128,
   0, 128, 0, 0, 128, 0,
   QCR_DELAY},
  {0, 0, 0, 128, 0, 0,
   0, 128, 0, 0, 128, 0,
   QCR_DELAY},
  {0, 0, 0, 0, 0, 0,
   0, 128, 0, 0, 128, 0,
   QCR_DELAY},
  {0, 0, 0, 0, 0, 0,
   0, 0, 0, 0, 128, 0,
   QCR_DELAY},
  {0, 0, 0, 0, 0, 0,
   0, 0, 0, 0, 0, 0,
   QCR_DELAY},
};