// EFFECT: Alternating inner/outer rings
#define QCR_DELAY 200
#define UBLING6LEN 10
QCRing ubling6[] = {
  {0, 0, 0, 0, 0, 0,
   0, 0, 0, 0, 0, 0,
   QCR_DELAY},
  {128, 128, 128, 128, 128, 128,
   0, 0, 0, 0, 0, 0,
   QCR_DELAY},
  {0, 0, 0, 0, 0, 0,
   128, 128, 128, 128, 128, 128,
   QCR_DELAY},
  {128, 128, 128, 128, 128, 128,
   0, 0, 0, 0, 0, 0,
   QCR_DELAY},
  {0, 0, 0, 0, 0, 0,
   128, 128, 128, 128, 128, 128,
   QCR_DELAY},
  {128, 128, 128, 128, 128, 128,
   0, 0, 0, 0, 0, 0,
   QCR_DELAY},
  {0, 0, 0, 0, 0, 0,
   128, 128, 128, 128, 128, 128,
   QCR_DELAY},
  {128, 128, 128, 128, 128, 128,
   0, 0, 0, 0, 0, 0,
   QCR_DELAY},
  {0, 0, 0, 0, 0, 0,
   128, 128, 128, 128, 128, 128,
   QCR_DELAY},
  {0, 0, 0, 0, 0, 0,
   0, 0, 0, 0, 0, 0,
   QCR_DELAY}
};