// EFFECT: Left-to-right swipe
QCR_DELAY=200;
QCR_STEP = 0;

var QCRing = [
  [0, 0, 0, 0, 0, 0,
   0, 0, 0, 0, 0, 0,
   0, 0, 0, 0, QCR_STEP,
   QCR_DELAY],
  [0, 0, 0, 0, 0, 0,
   0, 0, 0, 0, 128, 0,
   0, 0, 0, 0, QCR_STEP,
   QCR_DELAY],
  [0, 0, 0, 0, 128, 128,
   0, 0, 0, 0, 128, 0,
   0, 0, 0, 0, QCR_STEP,
   QCR_DELAY],
  [0, 0, 0, 0, 128, 128,
   0, 0, 0, 128, 128, 128,
   0, 0, 0, 0, QCR_STEP,
   QCR_DELAY],
  [128, 0, 0, 128, 128, 128,
   0, 0, 0, 128, 0, 128,
   0, 0, 0, 0, QCR_STEP,
   QCR_DELAY],
  [128, 0, 0, 128, 0, 0,
   128, 0, 128, 128, 0, 128,
   0, 0, 0, 0, QCR_STEP,
   QCR_DELAY],
  [128, 128, 128, 128, 0, 0,
   128, 0, 128, 0, 0, 0,
   0, 0, 0, 0, QCR_STEP,
   QCR_DELAY],
  [0, 128, 128, 0, 0, 0,
   128, 128, 128, 0, 0, 0,
   0, 0, 0, 0, QCR_STEP,
   QCR_DELAY],
  [0, 128, 128, 0, 0, 0,
   0, 128, 0, 0, 0, 0,
   0, 0, 0, 0, QCR_STEP,
   QCR_DELAY],
  [0, 0, 0, 0, 0, 0,
   0, 128, 0, 0, 0, 0,
   0, 0, 0, 0, QCR_STEP,
   QCR_DELAY],
  [0, 0, 0, 0, 0, 0,
   0, 0, 0, 0, 0, 0,
   0, 0, 0, 0, QCR_STEP,
   QCR_DELAY]
];