// EFFECT: Top/bottom alternate "ringing" look.
QCR_DELAY=90
#define UBLING3LEN 14
QCRing ubling3[] = {
  {0, 0, 0, 0, 0, 0,
   0, 0, 0, 0, 0, 0,
   QCR_DELAY},
  {128, 128, 0, 0, 0, 128,
   128, 128, 0, 0, 0, 128,
   QCR_DELAY},
  {0, 0, 128, 128, 128, 0,
   0, 0, 128, 128, 128, 0,
   QCR_DELAY},
  {128, 128, 0, 0, 0, 128,
   128, 128, 0, 0, 0, 128,
   QCR_DELAY},
  {0, 0, 128, 128, 128, 0,
   0, 0, 128, 128, 128, 0,
   QCR_DELAY},
  {128, 128, 0, 0, 0, 128,
   128, 128, 0, 0, 0, 128,
   QCR_DELAY},
  {0, 0, 128, 128, 128, 0,
   0, 0, 128, 128, 128, 0,
   QCR_DELAY},
  {128, 128, 0, 0, 0, 128,
   128, 128, 0, 0, 0, 128,
   QCR_DELAY},
  {0, 0, 128, 128, 128, 0,
   0, 0, 128, 128, 128, 0,
   QCR_DELAY},
  {128, 128, 0, 0, 0, 128,
   128, 128, 0, 0, 0, 128,
   QCR_DELAY},
  {0, 0, 128, 128, 128, 0,
   0, 0, 128, 128, 128, 0,
   QCR_DELAY},
  {128, 128, 0, 0, 0, 128,
   128, 128, 0, 0, 0, 128,
   QCR_DELAY},
  {0, 0, 128, 128, 128, 0,
   0, 0, 128, 128, 128, 0,
   QCR_DELAY},
  {0, 0, 0, 0, 0, 0,
   0, 0, 0, 0, 0, 0,
   QCR_DELAY}
};