// EFFECT: Horizonal row wipes down.
QCR_DELAY=90
#define UBLING9LEN 21
QCRing ubling9[] = {
  {0, 0, 0, 0, 0, 0,
   0, 0, 0, 0, 0, 0,
   QCR_DELAY},
  {128, 0, 0, 0, 0, 0,
   0, 0, 0, 0, 0, 0,
   QCR_DELAY},
  {0, 0, 0, 0, 0, 0,
   128, 0, 0, 0, 0, 128,
   QCR_DELAY},
  {0, 128, 0, 0, 0, 128,
   0, 0, 0, 0, 0, 0,
   QCR_DELAY},
  {128, 0, 0, 0, 0, 0,
   0, 128, 0, 0, 128, 0,
   QCR_DELAY},
  {0, 0, 128, 0, 128, 0,
   128, 0, 0, 0, 0, 128,
   QCR_DELAY},
  {0, 128, 0, 0, 0, 128,
   0, 0, 128, 128, 0, 0,
   QCR_DELAY},
  {128, 0, 0, 128, 0, 0,
   0, 128, 0, 0, 128, 0,
   QCR_DELAY},
  {0, 0, 128, 0, 128, 0,
   128, 0, 0, 0, 0, 128,
   QCR_DELAY},
  {0, 128, 0, 0, 0, 128,
   0, 0, 128, 128, 0, 0,
   QCR_DELAY},
  {128, 0, 0, 128, 0, 0,
   0, 128, 0, 0, 128, 0,
   QCR_DELAY},
  {0, 0, 128, 0, 128, 0,
   128, 0, 0, 0, 0, 128,
   QCR_DELAY},
  {0, 128, 0, 0, 0, 128,
   0, 0, 128, 128, 0, 0,
   QCR_DELAY},
  {128, 0, 0, 128, 0, 0,
   0, 128, 0, 0, 128, 0,
   QCR_DELAY},
  {0, 0, 128, 0, 128, 0,
   128, 0, 0, 0, 0, 128,
   QCR_DELAY},
  {0, 128, 0, 0, 0, 128,
   0, 0, 128, 128, 0, 0,
   QCR_DELAY},
  {0, 0, 0, 128, 0, 0,
   0, 128, 0, 0, 128, 0,
   QCR_DELAY},
  {0, 0, 128, 0, 128, 0,
   0, 0, 0, 0, 0, 0,
   QCR_DELAY},
  {0, 0, 0, 0, 0, 0,
   0, 0, 128, 128, 0, 0,
   QCR_DELAY},
  {0, 0, 0, 128, 0, 0,
   0, 0, 0, 0, 0, 0,
   QCR_DELAY},
  {0, 0, 0, 0, 0, 0,
   0, 0, 0, 0, 0, 0,
   QCR_DELAY}

};
