// EFFECT: Inner/outer ring reverse chase
QCR_DELAY=90
#define UBLING4LEN 29
QCRing ubling4[] = {
  {0, 0, 0, 0, 0, 0,
   0, 0, 0, 0, 0, 0,
   QCR_DELAY},
  {0, 0, 0, 0, 0, 0,
   0, 0, 128, 0, 0, 0,
   QCR_DELAY},
  {0, 0, 128, 0, 0, 0,
   0, 0, 128, 0, 0, 0,
   QCR_DELAY},
  {0, 0, 128, 0, 0, 0,
   0, 128, 128, 0, 0, 0,
   QCR_DELAY},
  {0, 128, 128, 0, 0, 0,
   0, 128, 128, 0, 0, 0,
   QCR_DELAY},
  {0, 128, 128, 0, 0, 0,
   128, 128, 128, 0, 0, 0,
   QCR_DELAY},
  {128, 128, 128, 0, 0, 0,
   128, 128, 128, 0, 0, 0,
   QCR_DELAY},
  {128, 128, 128, 0, 0, 0,
   128, 128, 128, 0, 0, 128,
   QCR_DELAY},
  {128, 128, 128, 0, 0, 128,
   128, 128, 128, 0, 0, 128,
   QCR_DELAY},
  {128, 128, 128, 0, 0, 128,
   128, 128, 128, 0, 128, 128,
   QCR_DELAY},
  {128, 128, 128, 0, 128, 128,
   128, 128, 128, 0, 128, 128,
   QCR_DELAY},
  {128, 128, 128, 0, 128, 128,
   128, 128, 0, 128, 128, 128,
   QCR_DELAY},
  {128, 128, 0, 128, 128, 128,
   128, 128, 0, 128, 128, 128,
   QCR_DELAY},
  {128, 128, 0, 128, 128, 128,
   128, 0, 128, 128, 128, 128,
   QCR_DELAY},
  {128, 0, 128, 128, 128, 128,
   128, 0, 128, 128, 128, 128,
   QCR_DELAY},
  {128, 0, 128, 128, 128, 128,
   0, 128, 128, 128, 128, 128,
   QCR_DELAY},
  {0, 128, 128, 128, 128, 128,
   0, 128, 128, 128, 128, 128,
   QCR_DELAY},
  {0, 128, 128, 128, 128, 128,
   128, 128, 128, 128, 128, 0,
   QCR_DELAY},
  {128, 128, 128, 128, 128, 0,
   128, 128, 128, 128, 128, 0,
   QCR_DELAY},
  {128, 128, 128, 128, 128, 0,
   128, 128, 128, 128, 0, 0,
   QCR_DELAY},
  {128, 128, 128, 128, 0, 0,
   128, 128, 128, 128, 0, 0,
   QCR_DELAY},
  {128, 128, 128, 128, 0, 0,
   128, 128, 128, 0, 0, 0,
   QCR_DELAY},
  {128, 128, 128, 0, 0, 0,
   128, 128, 128, 0, 0, 0,
   QCR_DELAY},
  {128, 128, 128, 0, 0, 0,
   128, 128, 0, 0, 0, 0,
   QCR_DELAY},
  {128, 128, 0, 0, 0, 0,
   128, 128, 0, 0, 0, 0,
   QCR_DELAY},
  {128, 128, 0, 0, 0, 0,
   128, 0, 0, 0, 0, 0,
   QCR_DELAY},
  {128, 0, 0, 0, 0, 0,
   128, 0, 0, 0, 0, 0,
   QCR_DELAY},
  {128, 0, 0, 0, 0, 0,
   0, 0, 0, 0, 0, 0,
   QCR_DELAY},
  {0, 0, 0, 0, 0, 0,
   0, 0, 0, 0, 0, 0,
   QCR_DELAY}
};
