// EFFECT: Half-fill the top, then rotate counter-clockwise and un-fill.
QCR_DELAY=90
#define UBLING1LEN 21
QCRing ubling1[] = {
  {0, 0, 0, 0, 0, 0,
   0, 0, 0, 0, 0, 0,
   QCR_DELAY},
  {128, 0, 0, 0, 0, 0,
   0, 0, 0, 0, 0, 0,
   QCR_DELAY},
  {128, 0, 0, 0, 0, 0,
   128, 0, 0, 0, 0, 128,
   QCR_DELAY},
  {128, 128, 0, 0, 0, 128,
   128, 0, 0, 0, 0, 128,
   QCR_DELAY},
  {128, 128, 0, 0, 0, 128,
   128, 128, 0, 0, 128, 128,
   QCR_DELAY},
  {128, 128, 0, 0, 128, 128,
   128, 0, 0, 0, 128, 128,
   QCR_DELAY},
  {128, 0, 0, 0, 128, 128,
   128, 0, 0, 128, 128, 128,
   QCR_DELAY},
  {128, 0, 0, 128, 128, 128,
   0, 0, 0, 128, 128, 128,
   QCR_DELAY},
  {0, 0, 0, 128, 128, 128,
   0, 0, 128, 128, 128, 128,
   QCR_DELAY},
  {0, 0, 128, 128, 128, 128,
   0, 0, 128, 128, 128, 0,
   QCR_DELAY},
  {0, 0, 128, 128, 128, 0,
   0, 128, 128, 128, 128, 0,
   QCR_DELAY},
  {0, 128, 128, 128, 128, 0,
   0, 128, 128, 128, 0, 0,
   QCR_DELAY},
  {0, 128, 128, 128, 0, 0,
   128, 128, 128, 128, 0, 0,
   QCR_DELAY},
  {128, 128, 128, 128, 0, 0,
   128, 128, 128, 0, 0, 0,
   QCR_DELAY},
  {128, 128, 128, 0, 0, 0,
   128, 128, 128, 0, 0, 128,
   QCR_DELAY},
  {128, 128, 128, 0, 0, 128,
   128, 128, 0, 0, 0, 128,
   QCR_DELAY},
  {128, 128, 0, 0, 0, 128,
   128, 128, 0, 0, 128, 128,
   QCR_DELAY},
  {128, 128, 0, 0, 0, 128,
   128, 0, 0, 0, 0, 128,
   QCR_DELAY},
  {128, 0, 0, 0, 0, 0,
   128, 0, 0, 0, 0, 128,
   QCR_DELAY},
  {128, 0, 0, 0, 0, 0,
   0, 0, 0, 0, 0, 0,
   QCR_DELAY},
  {0, 0, 0, 0, 0, 0,
   0, 0, 0, 0, 0, 0,
   QCR_DELAY}
};