// EFFECT: Fill the circle via light pairs
#define QCR_DELAY 90
#define UBLING7LEN 13
QCRing ubling7[] = {
  {0, 0, 0, 0, 0, 0,
   0, 0, 0, 0, 0, 0,
   QCR_DELAY},
  {0, 128, 0, 0, 0, 0,
   0, 128, 0, 0, 0, 0,
   QCR_DELAY},
  {0, 128, 0, 0, 128, 0,
   0, 128, 0, 0, 128, 0,
   QCR_DELAY},
  {0, 128, 128, 0, 128, 0,
   0, 128, 128, 0, 128, 0,
   QCR_DELAY},
  {128, 128, 128, 0, 128, 0,
   128, 128, 128, 0, 128, 0,
   QCR_DELAY},
  {128, 128, 128, 128, 128, 0,
   128, 128, 128, 128, 128, 0,
   QCR_DELAY},
  {128, 128, 128, 128, 128, 128,
   128, 128, 128, 128, 128, 128,
   QCR_DELAY},
  {128, 0, 128, 128, 128, 128,
   128, 0, 128, 128, 128, 128,
   QCR_DELAY},
  {128, 0, 128, 0, 128, 128,
   128, 0, 128, 0, 128, 128,
   QCR_DELAY},
  {128, 0, 0, 0, 128, 128,
   128, 0, 0, 0, 128, 128,
   QCR_DELAY},
  {128, 0, 0, 0, 128, 0,
   128, 0, 0, 0, 128, 0,
   QCR_DELAY},
  {0, 0, 0, 0, 128, 0,
   0, 0, 0, 0, 128, 0,
   QCR_DELAY},
  {0, 0, 0, 0, 0, 0,
   0, 0, 0, 0, 0, 0,
   QCR_DELAY}
};