// EFFECT: Six-LED random sparkle
QCR_DELAY=90
#define UBLING5LEN 24
QCRing ubling5[] = {
  {0, 0, 0, 0, 0, 0,
   0, 0, 0, 0, 0, 0,
   QCR_DELAY},
  {0, 0, 0, 128, 0, 0,
   0, 0, 0, 0, 0, 0,
   QCR_DELAY},
  {0, 0, 128, 0, 0, 0,
   0, 0, 0, 0, 128, 0,
   QCR_DELAY},
{0, 128, 128, 0, 0, 0,
   0, 0, 0, 128, 0, 0,
   QCR_DELAY},
{128, 128, 0, 0, 0, 128,
   0, 0, 128, 0, 0, 0,
   QCR_DELAY},
{0, 0, 128, 128, 0, 128,
   0, 128, 0, 0, 128, 0,
   QCR_DELAY},
{128, 0, 0, 128, 128, 0,
   128, 0, 128, 0, 0, 128,
   QCR_DELAY},
  {0, 128, 0, 128, 128, 0,
   0, 128, 0, 128, 0, 128,
   QCR_DELAY},
  {0, 128, 128, 128, 0, 0,
   0, 0, 128, 128, 128, 0,
   QCR_DELAY},
  {0, 0, 128, 0, 128, 0,
   128, 0, 128, 128, 128, 0,
   QCR_DELAY},
  {128, 128, 0, 128, 0, 128,
   0, 0, 0, 128, 0, 128,
   QCR_DELAY},
  {128, 128, 0, 0, 0, 128,
   128, 0, 128, 0, 128, 0,
   QCR_DELAY},
  {0, 0, 128, 0, 128, 0,
   0, 128, 128, 128, 0, 128,
   QCR_DELAY},
  {128, 0, 128, 128, 128, 0,
   128, 0, 0, 128, 0, 0,
   QCR_DELAY},
  {0, 128, 128, 0, 128, 128,
   0, 128, 0, 0, 0, 128,
   QCR_DELAY},
  {0, 128, 0, 128, 128, 128,
   128, 0, 128, 0, 0, 0,
   QCR_DELAY},
  {128, 128, 0, 128, 0, 128,
   0, 0, 0, 128, 128, 0,
   QCR_DELAY},
  {128, 128, 0, 128, 0, 128,
   0, 0, 128, 0, 0, 128,
   QCR_DELAY},
{0, 128, 0, 128, 0, 0,
   0, 128, 0, 128, 0, 128,
   QCR_DELAY},
{128, 0, 128, 0, 0, 128,
   0, 0, 0, 0, 128, 0,
   QCR_DELAY},
{0, 0, 128, 0, 0, 0,
   0, 0, 0, 128, 128, 0,
   QCR_DELAY},
{0, 0, 0, 0, 0, 128,
   0, 0, 128, 0, 0, 0,
   QCR_DELAY},
{0, 0, 0, 0, 0, 0,
   0, 0, 0, 128, 0, 0,
   QCR_DELAY},

  {0, 0, 0, 0, 0, 0,
   0, 0, 0, 0, 0, 0,
   QCR_DELAY}
};